
********当w=1时用SOR迭代求解线性方程组的输出结果********
1 0.25000000000000
 1.06250000000000
 -0.48437500000000
2 0.51562500000000
 1.00781250000000
 -0.49804687500000
3 0.50195312500000
 1.00097656250000
 -0.49975585937500
4 0.50024414062500
 1.00012207031250
 -0.49996948242188
5 0.50003051757813
 1.00001525878906
 -0.49999618530273
6 0.50000381469727
 1.00000190734863
 -0.49999952316284
迭代次数: 6次 
x的值
0.50000381469727
1.00000190734863
-0.49999952316284

********当w=1.030000e+00时用SOR迭代求解线性方程组的输出结果********
1 0.25750000000000
 1.09630625000000
 -0.49020114062500
2 0.53207385937500
 1.00789303757812
 -0.49826150860488
3 0.50107024139512
 1.00048645756614
 -0.49992689191857
4 0.50009315558143
 1.00002821916620
 -0.49999492680715
5 0.50000447176785
 1.00000161125240
 -0.49999973729829
迭代次数: 5次 
x的值
0.50000447176785
1.00000161125240
-0.49999973729829

********当w=1.100000e+00时用SOR迭代求解线性方程组的输出结果********
1 0.27500000000000
 1.17562500000000
 -0.50170312500000
2 0.57079687500000
 1.00143828125000
 -0.49943416015625
3 0.49331583984375
 0.99817363378906
 -0.50055883469238
4 0.50016616530762
 1.00007465254028
 -0.49992358708218
5 0.50000391291782
 1.00001462435077
 -0.50000361959532
6 0.50000363040468
 0.99999854053750
 -0.50000003939266
迭代次数: 6次 
x的值
0.50000363040468
0.99999854053750
-0.50000003939266
